[{"id": 0, "img_name": "00001", "width": 3988, "height": 2982, "position": [-4.087920049937459, 14.630701764372848, -0.9861020091501251], "rotation": [[-0.6072945147749673, 0.05851835716539947, -0.7923187327072986], [0.7942860373446877, 0.06657308059163208, -0.6038855154909858], [0.01740871056427003, -0.996064067625774, -0.08690978069979637]], "fy": 3281.6318912399083, "fx": 3281.6318912399083}, {"id": 1, "img_name": "00015", "width": 3980, "height": 2980, "position": [-2.6114752837743747, -3.885425623900613, -1.044182711708425], "rotation": [[0.6876355126875544, 0.03628553898681152, -0.7251487856649561], [0.7260422552867734, -0.02820602534177821, 0.6870713672337935], [0.0044771898574580745, -0.9989433316233985, -0.04574029925705254]], "fy": 3286.405035447646, "fx": 3286.4050354476453}, {"id": 2, "img_name": "00033", "width": 2944, "height": 3932, "position": [2.6399272858173606, 11.789265323593927, -1.1683766813034853], "rotation": [[-0.23581308831179051, -0.0850816180177382, -0.968066787807711], [0.9708469151017394, 0.023446068847093434, -0.2385509364749041], [0.04299366021045569, -0.9960980876053829, 0.07707233648078166]], "fy": 2987.935660337277, "fx": 2987.935660337277}, {"id": 3, "img_name": "00041", "width": 2946, "height": 3930, "position": [-0.6458491265926312, -14.063303800510045, -0.8796124823213542], "rotation": [[0.8567961249549692, -0.002859541379886111, -0.5156473826998886], [0.5156537839038678, 0.0023172524333652375, 0.8567939107432913], [-0.0012551524894852525, -0.9999932266591891, 0.0034599462382177786]], "fy": 2986.750004840816, "fx": 2986.7500048408165}, {"id": 4, "img_name": "00060", "width": 1906, "height": 1068, "position": [3.777225849623897, -6.163515140883852, 2.065503750178137], "rotation": [[0.5171951649420868, 0.1633261268911447, -0.8401391180246669], [0.8539809172923385, -0.1636202663646776, 0.493907887500582], [-0.056795723968124136, -0.9729095460059425, -0.22410100631065225]], "fy": 1509.5446912832062, "fx": 1509.5446912832062}, {"id": 5, "img_name": "00075", "width": 1902, "height": 1068, "position": [0.9280979546804892, -2.307723701631998, 2.0127186440890177], "rotation": [[0.01215969155464722, 0.2384186218672716, -0.9710863517979269], [0.9966625718084444, -0.08128838172152664, -0.007477763921993457], [-0.08072087621844498, -0.9677544935281917, -0.23861135848597018]], "fy": 1509.5771736748525, "fx": 1509.5771736748527}, {"id": 6, "img_name": "00002", "width": 3988, "height": 2982, "position": [-3.970161878124858, 15.437231155682761, -1.1963589859474197], "rotation": [[-0.6798877262698207, 0.14366909984233114, -0.7191049084925977], [0.7296902471169514, 0.03514602286224892, -0.682874000339278], [-0.07283421538023971, -0.989001489800425, -0.12872929053826193]], "fy": 3252.6430334001298, "fx": 3260.217494607832}, {"id": 7, "img_name": "00003", "width": 3988, "height": 2982, "position": [-5.940781464706735, 9.29678372808191, -0.933248823320316], "rotation": [[-0.599518245419166, 0.12237206431133271, -0.7909506629908765], [0.7971165339523826, 0.002398388888305561, -0.6038207341839794], [-0.07199378243476309, -0.9924813981163189, -0.09898267365459702]], "fy": 3275.0650692285826, "fx": 3293.614754687728}, {"id": 8, "img_name": "00004", "width": 3988, "height": 2982, "position": [-5.753372728028021, 9.867527079368175, -1.0815237395337225], "rotation": [[-0.4006929207766674, 0.34043823140507923, -0.8506156557677766], [0.9031599955075841, -0.009386956843295545, -0.42920147664699665], [-0.15410128407707574, -0.9402200251212496, -0.30370890439167664]], "fy": 3315.968398820105, "fx": 3285.2266244546367}, {"id": 9, "img_name": "00005", "width": 3988, "height": 2982, "position": [-10.585447435781683, 2.7072520800731104, -0.948633630997077], "rotation": [[0.26106125239717565, 0.4943665578360308, -0.8291252794301793], [0.9613819791334042, -0.05562486686030944, 0.269537686389699], [0.08713043494874251, -0.8674719480652545, -0.4897965971967503]], "fy": 3523.9574448506655, "fx": 3379.8385024748327}, {"id": 10, "img_name": "00006", "width": 3988, "height": 2982, "position": [-5.84522257707294, 11.279915097562396, -1.0806653123749714], "rotation": [[-0.4216169707293938, 0.26117754164951157, -0.8683463719800334], [0.9056851782337725, 0.0743772047226636, -0.41737559744827285], [-0.04442395660709497, -0.9624210737278981, -0.2679033201059855]], "fy": 3271.0216209804694, "fx": 3274.705293978358}, {"id": 11, "img_name": "00007", "width": 3988, "height": 2982, "position": [-5.784307363462397, 11.555421898061482, -1.1046642884073097], "rotation": [[-0.3288338072708693, 0.29415962131605117, -0.8974065101072878], [0.9430633470951421, 0.05197312330471581, -0.32852749933553554], [-0.049998505592189796, -0.9543421355264315, -0.29450167707060265]], "fy": 3247.871563576864, "fx": 3260.6057924434003}, {"id": 12, "img_name": "00008", "width": 3988, "height": 2982, "position": [-2.781053741463508, 14.008070694292853, -1.3755516452799963], "rotation": [[-0.25616422919574416, 0.35653304048530365, -0.8984787580810437], [0.963760471194212, 0.022595033025932982, -0.26581049385994354], [-0.07446906635684548, -0.9340094515179499, -0.34940049031316184]], "fy": 3298.913944925563, "fx": 3250.096832147554}, {"id": 13, "img_name": "00009", "width": 3988, "height": 2982, "position": [-0.7964665052607988, -3.214255441737339, -0.18973991763411568], "rotation": [[0.43498228003600536, 0.0785448877760872, -0.8970067539650521], [0.8980070508015363, -0.1110076548663161, 0.42574715180704037], [-0.06613435389723447, -0.9907108564890781, -0.11882022584254175]], "fy": 3326.8006533427383, "fx": 3324.5041527505114}, {"id": 14, "img_name": "00010", "width": 3988, "height": 2982, "position": [-0.14274137088199507, 1.2517018520455503, -0.47828299995802626], "rotation": [[-0.12912651232673414, 0.2192977668609004, -0.9670754020572314], [0.9888077531408835, -0.04502653740648042, -0.14223866653501785], [-0.074736678698019, -0.9746184383536999, -0.21102921238109182]], "fy": 3332.063660416627, "fx": 3352.655560612337}, {"id": 15, "img_name": "00011", "width": 3988, "height": 2982, "position": [-6.146913442288349, -3.9867769841942424, -0.39547783448917984], "rotation": [[0.34497713922787454, 0.19132407458535683, -0.9189047131744446], [0.9380360689997623, -0.10453964209384965, 0.3303933965538096], [-0.0328497589888376, -0.9759439336944241, -0.21553266949450767]], "fy": 3310.13196546976, "fx": 3312.4292681722895}, {"id": 16, "img_name": "00012", "width": 3988, "height": 2982, "position": [-7.6684869165984715, -3.671096807734441, -0.48468871813028874], "rotation": [[0.6711634952254779, 0.06876954812771416, -0.7381126688568824], [0.7348252539432673, -0.193122603156518, 0.6501811334676381], [-0.09783357728271166, -0.9787616713993044, -0.1801504420080828]], "fy": 3288.7628229606926, "fx": 3295.1374354775}, {"id": 17, "img_name": "00013", "width": 3988, "height": 2982, "position": [-8.054104726014211, -3.307323240118866, -0.5080063685521734], "rotation": [[0.8329602360257689, 0.036599450855099545, -0.5521211147900436], [0.5502185058693093, -0.16050103904253485, 0.8194504330740277], [-0.05862457674764175, -0.9863568809834357, -0.15382867852838106]], "fy": 3312.7816729984265, "fx": 3291.5244845141406}, {"id": 18, "img_name": "00014", "width": 3980, "height": 2980, "position": [6.622133238352432, -3.5247932018055286, 0.0998833509432674], "rotation": [[0.058398354284669204, 0.08422348729814302, -0.994734153633111], [0.9969688316423597, -0.056232656978035186, 0.05376836451723954], [-0.05140798527962729, -0.9948589309427391, -0.08725208635304636]], "fy": 3329.130471050523, "fx": 3334.9688015991796}, {"id": 19, "img_name": "00016", "width": 3992, "height": 2984, "position": [-6.1261798489452195, 4.57646351439727, -0.8512955750988649], "rotation": [[0.1378872398312646, 0.06500345183167591, -0.9883125317133654], [0.9903025695095179, -0.026143468916310506, 0.1364453731566887], [-0.01696849771080284, -0.9975425155265254, -0.06797793614438113]], "fy": 3357.2710756396846, "fx": 3367.243122049621}, {"id": 20, "img_name": "00017", "width": 3992, "height": 2984, "position": [-10.70426407022978, 1.4542972252114112, -0.7556203726524724], "rotation": [[0.8648367956960654, 0.1561872527792447, -0.47714029265975244], [0.5017634622160618, -0.3011706965066216, 0.8108820133352734], [-0.01705124028077177, -0.9406921673081944, -0.33883255683286784]], "fy": 3279.156448428728, "fx": 3293.3500561119267}, {"id": 21, "img_name": "00018", "width": 3978, "height": 2978, "position": [-3.550561896543849, 1.7887960890350016, -0.631005974432096], "rotation": [[-0.028095036492957595, 0.19726196594143477, -0.9799481546068542], [0.9991690158295263, 0.034501348067108716, -0.021701031952600956], [0.02952874414388372, -0.9797435244871343, -0.1980673610033024]], "fy": 3291.801418904151, "fx": 3337.3648598577447}, {"id": 22, "img_name": "00019", "width": 3978, "height": 2978, "position": [-4.487624540667224, 1.4627049275525517, -0.6543741322733243], "rotation": [[0.18872695899550881, 0.25175284552025484, -0.9492115884884476], [0.9819632280256555, -0.05961637649592575, 0.1794271619876159], [-0.011417256839617257, -0.9659536181545935, -0.25846325429412087]], "fy": 3284.4854689242165, "fx": 3319.557477380479}, {"id": 23, "img_name": "00020", "width": 3978, "height": 2978, "position": [-7.810130149878502, 0.36288652599315135, -0.7655814969670701], "rotation": [[0.6896634321291679, 0.36424616160803225, -0.6258506883735385], [0.7200509224525438, -0.25334696057844497, 0.6460201131860402], [0.07675297687423809, -0.8961808139652839, -0.43699991901768515]], "fy": 3256.133234826572, "fx": 3302.0386707257835}, {"id": 24, "img_name": "00021", "width": 3978, "height": 2978, "position": [-8.0129318416331, 0.37314252123311653, -0.7765996925730279], "rotation": [[0.6308265577486356, 0.316637961499581, -0.7083771985153086], [0.7759197914905994, -0.26038602509677017, 0.5745847153444728], [-0.002516190015096076, -0.9121071862844267, -0.40994408096240864]], "fy": 3313.833555462746, "fx": 3322.229399853746}, {"id": 25, "img_name": "00022", "width": 3978, "height": 2978, "position": [-9.008795628184812, 0.8227211924437946, -0.684046425298674], "rotation": [[0.8121801992215103, 0.23337368526303973, -0.5346962193799911], [0.5807189414465157, -0.23551764511778156, 0.7792925958094383], [0.055935990540492884, -0.94343423823016, -0.32680728739936554]], "fy": 3300.6370956599244, "fx": 3287.1664711588714}, {"id": 26, "img_name": "00023", "width": 3978, "height": 2978, "position": [-14.927231083966703, -3.084636972895529, -0.7191850591780373], "rotation": [[0.9982489268787577, -0.03481579245043925, -0.047821967561539676], [0.03233842086701437, -0.35573555195923817, 0.9340270036824866], [-0.04953086432959621, -0.9339379410155174, -0.35398674524685103]], "fy": 3259.8049121756053, "fx": 3285.2037642161436}, {"id": 27, "img_name": "00024", "width": 3978, "height": 2978, "position": [-15.47070744336368, -2.2832223963406584, -0.8275624346801931], "rotation": [[0.991773392500549, 0.09732497348063857, 0.08314678264939196], [-0.04951948861520481, -0.30726985846241667, 0.9503331280807668], [0.11803964662451691, -0.946632496599118, -0.2999225870241849]], "fy": 3261.415752151486, "fx": 3269.5166934865188}, {"id": 28, "img_name": "00025", "width": 3978, "height": 2978, "position": [-17.043069543616685, 0.6416233494242183, -1.0226619223936588], "rotation": [[0.9750000308190772, 0.09527805198874491, 0.20074120830569075], [-0.1555450607885064, -0.3525052817081797, 0.9227923712472575], [0.15868419570675132, -0.9309468938543523, -0.32887263014096285]], "fy": 3221.1134957376826, "fx": 3248.412047012449}, {"id": 29, "img_name": "00026", "width": 2944, "height": 3932, "position": [11.300863644845888, 29.060032622322435, -1.4607072559825398], "rotation": [[-0.7986579647438181, 0.053860297992957135, -0.5993701057371575], [0.5982966381817358, -0.03602213102780758, -0.8004645768656152], [-0.06470384912580325, -0.9978985290981869, -0.0034550733682485756]], "fy": 2990.580308474318, "fx": 2987.1493223690522}, {"id": 30, "img_name": "00027", "width": 2944, "height": 3932, "position": [10.461031504617754, 26.408723637519874, -1.3618216652716904], "rotation": [[-0.8053889725893703, 0.0795395152963089, -0.5873857917398644], [0.5894903849817529, 0.0037513838326116607, -0.8077666823615626], [-0.06204586082490745, -0.9968246549046473, -0.04990910266401875]], "fy": 2988.844986075799, "fx": 2985.974776706507}, {"id": 31, "img_name": "00028", "width": 2944, "height": 3932, "position": [10.110932906815489, 25.567914727103386, -1.3223164675467682], "rotation": [[-0.7163916870670777, 0.054102900657830376, -0.6955974603472863], [0.6974645116352702, 0.029725022297399803, -0.7160025684722036], [-0.018061165813965337, -0.9980928309480175, -0.059029612057105586]], "fy": 2986.199139873904, "fx": 2987.3453546216474}, {"id": 32, "img_name": "00029", "width": 2944, "height": 3932, "position": [9.8552667810668, 25.03849432654724, -1.2491737298414056], "rotation": [[-0.647339812665953, 0.017540759769056932, -0.7619996644909577], [0.7585084580266042, 0.11312036870596721, -0.641769975369625], [0.07494055003608806, -0.9934264461602327, -0.08653213293186636]], "fy": 2982.1298228560418, "fx": 2967.1185757391604}, {"id": 33, "img_name": "00030", "width": 2944, "height": 3932, "position": [9.485430422648173, 24.307482938580357, -1.1071904403884856], "rotation": [[-0.5285581903884864, 0.13347299559611728, -0.838338355808588], [0.8480590570425783, 0.03915343650581134, -0.5284532563792544], [-0.03771041157692446, -0.9902787324063785, -0.1338878523328932]], "fy": 2982.0732139045795, "fx": 2979.8907118539846}, {"id": 34, "img_name": "00031", "width": 2944, "height": 3932, "position": [9.401719973503782, 24.05987502937039, -1.0811014738692215], "rotation": [[-0.4837406353446017, 0.10546155003582611, -0.8688341954483845], [0.8750432666112758, 0.07773643056375253, -0.4777617909811063], [0.017154570081126985, -0.9913803048413091, -0.12988768955556843]], "fy": 2980.086746979514, "fx": 2982.529074493897}, {"id": 35, "img_name": "00032", "width": 2944, "height": 3932, "position": [9.321489948699465, 23.83492499129907, -1.0220120775294677], "rotation": [[-0.36799293246512066, 0.08639221040055182, -0.9258064525794949], [0.9298261220457255, 0.03189811065527683, -0.36661409315250254], [-0.002141125201688317, -0.9957504187891315, -0.09206801325183586]], "fy": 2978.709710240067, "fx": 2986.716036830732}, {"id": 36, "img_name": "00034", "width": 2944, "height": 3932, "position": [1.9777441886365033, 10.214441696523076, -0.7411978290602146], "rotation": [[-0.35868054698768154, -0.012392591197916669, -0.9333781060727846], [0.9331884242500009, -0.028895011209461755, -0.3582240125577918], [-0.022530647092733405, -0.9995056288038634, 0.0219287010781835]], "fy": 2972.1513608555006, "fx": 2991.5236177790216}, {"id": 37, "img_name": "00035", "width": 2944, "height": 3932, "position": [1.7961417942154099, 9.735153651217129, -0.7474054497675169], "rotation": [[-0.44435534722211223, 0.018910063431163433, -0.895651011776431], [0.8945924260489037, -0.04360239314576035, -0.44475074206559606], [-0.04746279228039166, -0.9988699819360832, 0.0024581570243765866]], "fy": 2974.594169807511, "fx": 2989.668620116781}, {"id": 38, "img_name": "00036", "width": 2944, "height": 3932, "position": [-2.1972897304604047, -8.309533208626076, 0.09562077524822273], "rotation": [[0.612467737854204, 0.024710834155866317, -0.7901092612816757], [0.7902760014065727, 0.004416778486636076, 0.6127351252120598], [0.01863093364790986, -0.9996848837224264, -0.016823244879805813]], "fy": 2965.388232196672, "fx": 2969.177776212741}, {"id": 39, "img_name": "00037", "width": 2944, "height": 3932, "position": [-2.659958304544052, -9.022580246332792, 0.11807959782474631], "rotation": [[0.4846435439795196, 0.006951902776449109, -0.8746841180259065], [0.87463049749098, 0.009777497888785217, 0.4846915445865701], [0.011921750611884897, -0.9999280332018006, -0.001341744955801399]], "fy": 2966.8011539507515, "fx": 2956.7916152044313}, {"id": 40, "img_name": "00038", "width": 2946, "height": 3930, "position": [-0.2501675383246837, -13.646455948605704, 0.4294589167145207], "rotation": [[0.5305299694005771, 0.0861198240250086, -0.843280100250044], [0.8476296588388783, -0.04466311265138886, 0.5287051804408349], [0.007868482986532855, -0.9952831668817627, -0.09669283684585811]], "fy": 2974.9285632946794, "fx": 2986.00394817912}, {"id": 41, "img_name": "00039", "width": 2946, "height": 3930, "position": [-0.42711722916691974, -13.808338976609338, 0.4395055343013547], "rotation": [[0.6074913947671355, 0.05928677320219968, -0.7921106512395546], [0.7943256285175428, -0.04408564443632884, 0.6058904619110982], [0.0010005818759234635, -0.9972670326837764, -0.0738746530144477]], "fy": 2972.2088746984837, "fx": 2976.1347402950087}, {"id": 42, "img_name": "00040", "width": 2946, "height": 3930, "position": [-0.55601385594854, -14.036892269931068, 0.44711580379464366], "rotation": [[0.7214517557036451, 0.058147414945752436, -0.6900190159171372], [0.6922536685820151, -0.08516233634932914, 0.716611634570822], [-0.017094517450624902, -0.9946689170787685, -0.10169327839380563]], "fy": 2974.5745203214638, "fx": 2976.1192882980786}, {"id": 43, "img_name": "00042", "width": 2946, "height": 3930, "position": [4.864981185096046, 10.276519821648439, -0.5944806523245783], "rotation": [[0.17490484921450847, 0.012416467603726056, -0.9845070467261754], [0.9831633967666927, -0.0559227869257365, 0.17396084950539079], [-0.052896398548753706, -0.99835788835202, -0.021988583080023945]], "fy": 2963.0577905337973, "fx": 2990.4916793382163}, {"id": 44, "img_name": "00043", "width": 2946, "height": 3930, "position": [4.463940954914154, 9.660067186918688, -0.5992918139190667], "rotation": [[0.1458976732453232, 0.04988749798495031, -0.9880410449401391], [0.9884506607944115, -0.04871895390229484, 0.14349827422570974], [-0.0409775562557352, -0.9975658880873317, -0.05641931236589479]], "fy": 2965.766461863649, "fx": 2985.306398940043}, {"id": 45, "img_name": "00044", "width": 2946, "height": 3930, "position": [4.331759366154129, 9.453304376766699, -0.6009197706805973], "rotation": [[0.13064257923404804, 0.03777960072758829, -0.9907094519887955], [0.9901729570545332, -0.0552670067793112, 0.12846428717560723], [-0.0499002165221438, -0.9977566134737066, -0.04462856328097042]], "fy": 2967.0972034351385, "fx": 2987.751770667691}, {"id": 46, "img_name": "00045", "width": 2946, "height": 3930, "position": [3.8953930730399744, 8.541989199734108, -0.5645987530423731], "rotation": [[0.06389304749899026, 0.04282979772962695, -0.9970372545234862], [0.997154712930452, -0.04278685614485702, 0.06206257666120032], [-0.04000196197538086, -0.9981657644738567, -0.04544171729195132]], "fy": 2965.963359165816, "fx": 2990.789195466488}, {"id": 47, "img_name": "00046", "width": 2946, "height": 3930, "position": [3.068329141107018, 6.648768484931787, -0.5217831643104294], "rotation": [[-0.15290190174282664, 0.050171144280036446, -0.9869670028552415], [0.9874678922049223, -0.031749479921799016, -0.15459344225762822], [-0.03909181893688594, -0.9982358573034363, -0.04468783823232751]], "fy": 2972.6781765887795, "fx": 2994.299703072765}, {"id": 48, "img_name": "00047", "width": 2970, "height": 3960, "position": [-8.824645922365036, -0.42505772757529325, -0.49695685683403457], "rotation": [[0.45848318614960426, -0.11902049373583679, -0.8806970478484556], [0.8278240240403179, -0.3032762216922376, 0.471943766330032], [-0.3232654532111383, -0.9454404557807743, -0.040519024337204904]], "fy": 2992.912373919542, "fx": 3013.4584692999297}, {"id": 49, "img_name": "00048", "width": 2970, "height": 3960, "position": [-8.804447394818636, -0.16293780110462341, -0.4934546354371585], "rotation": [[0.5316602899572818, -0.1449502160655911, -0.8344619649481201], [0.7845089813586772, -0.2870271127568028, 0.5496918179398929], [-0.31919115628430245, -0.9468922174170785, -0.03888617164054613]], "fy": 2991.616009497249, "fx": 3008.578052732339}, {"id": 50, "img_name": "00049", "width": 2970, "height": 3960, "position": [-8.74904711145674, 0.06752332270491583, -0.4949355001618383], "rotation": [[0.5871017772125717, -0.18162446052604095, -0.7888751856488225], [0.7389127925495793, -0.2777882393588752, 0.6138742371858246], [-0.3306348260550028, -0.9433166220376488, -0.02888533169373896]], "fy": 2990.0131888691512, "fx": 3005.0725475965382}, {"id": 51, "img_name": "00050", "width": 2970, "height": 3960, "position": [-2.621145025789001, 13.485864730430666, -0.5358515127216316], "rotation": [[-0.42494346301926456, -0.07607694468640536, -0.9020173788372238], [0.9050915239316083, -0.05248903020526731, -0.42196473195667555], [-0.015244229870781488, -0.9957194384942436, 0.09116146806822885]], "fy": 2920.9639371212397, "fx": 2937.78739898382}, {"id": 52, "img_name": "00051", "width": 2304, "height": 1728, "position": [3.8510616165472085, -6.0842513973205055, 1.951408785218372], "rotation": [[0.17870662673045037, 0.4328892111231931, -0.883555811737868], [0.983088677782846, -0.11507575718463375, 0.14245778926951763], [-0.040007414035383444, -0.8940718656805631, -0.4461332825744775]], "fy": 1200.7294747966596, "fx": 1205.8824526162828}, {"id": 53, "img_name": "00052", "width": 2304, "height": 1728, "position": [0.060575247802960676, -5.1233699654482825, 1.7090628035321338], "rotation": [[0.23001234064347276, 0.40373369737410886, -0.8854904995291266], [0.9726477098011129, -0.1256761762707508, 0.19535079046835846], [-0.03241536318415281, -0.9062033989798284, -0.42159772758761954]], "fy": 1205.4848461047618, "fx": 1207.0804385925212}, {"id": 54, "img_name": "00053", "width": 2304, "height": 1728, "position": [-3.3915023488964353, -4.255814049388847, 1.5718585458532937], "rotation": [[0.2861789027242051, 0.3727026641459796, -0.8827198648348517], [0.9574608427365354, -0.1468240544821977, 0.24841785695004204], [-0.03701851242031513, -0.9162616554041195, -0.39886615370859574]], "fy": 1190.0579044272645, "fx": 1197.6733264681422}, {"id": 55, "img_name": "00054", "width": 2304, "height": 1728, "position": [-2.398001568526315, -1.116571521458012, 1.4507820505011915], "rotation": [[0.34715415131979305, 0.37163640950709437, -0.8610286721997761], [0.9367540625012927, -0.18093376388498206, 0.29959105372780714], [-0.04445021494614466, -0.9105763846131132, -0.4109438236257515]], "fy": 1194.629845411533, "fx": 1198.8424828975071}, {"id": 56, "img_name": "00055", "width": 2304, "height": 1728, "position": [0.9988513818786946, -2.236691738731966, 1.608452345841478], "rotation": [[0.2725182120783237, 0.3910640985480898, -0.8790919718166031], [0.9611868529860199, -0.1515384047987899, 0.23055573191284864], [-0.04305412561491762, -0.9078022817209747, -0.41718264533622074]], "fy": 1197.8684393721471, "fx": 1202.5058173309062}, {"id": 57, "img_name": "00056", "width": 2304, "height": 1728, "position": [4.77904623909599, -3.4690685851855303, 1.8720200295088298], "rotation": [[0.36752057623197315, 0.3900411219896678, -0.8442727931203037], [0.9292423138309839, -0.19101407643840695, 0.3162630942560661], [-0.03791237571238903, -0.9007671984255552, -0.4326443181279736]], "fy": 1197.3605122910367, "fx": 1200.7595391389066}, {"id": 58, "img_name": "00057", "width": 2304, "height": 1728, "position": [5.605728483307571, -0.7483209020575317, 1.7270346866265531], "rotation": [[0.3440704829714598, 0.3831136346976195, -0.8572277676653767], [0.9365413978109929, -0.20529831686155897, 0.28415279565762125], [-0.06712460751481239, -0.9005978814113376, -0.429438869995943]], "fy": 1203.4957395205229, "fx": 1200.2446106469324}, {"id": 59, "img_name": "00058", "width": 2304, "height": 1728, "position": [1.890577531244568, 0.48059870335995264, 1.5122040274690736], "rotation": [[0.23987696577669945, 0.3922843263277745, -0.8880157929943182], [0.9701433766732874, -0.13058591933659852, 0.20437501405007105], [-0.0357892440087202, -0.9105274982056165, -0.411896595063257]], "fy": 1199.3817519436943, "fx": 1203.8878754311868}, {"id": 60, "img_name": "00059", "width": 2304, "height": 1728, "position": [-1.594765763846216, 1.4780325996122303, 1.3564556551671758], "rotation": [[0.257149612819131, 0.37438987011131764, -0.8909019596930975], [0.9657468058734818, -0.1327057891185978, 0.2229849333017305], [-0.034744547372762107, -0.9177262111830742, -0.3956910635020974]], "fy": 1194.7411526432936, "fx": 1202.8437793900569}, {"id": 61, "img_name": "00061", "width": 1906, "height": 1068, "position": [-2.3151509895720466, -1.1572546161762662, 1.3017838184669472], "rotation": [[0.0941638219049049, 0.18565477596151897, -0.9780927761756241], [0.989265200499765, -0.12772639670412492, 0.07099528621775146], [-0.11174765198616601, -0.9742783338182467, -0.1956890148371135]], "fy": 1506.5424214433901, "fx": 1510.4423661053888}, {"id": 62, "img_name": "00062", "width": 1906, "height": 1068, "position": [1.0913741411931674, -2.287782040139298, 1.4750886197663071], "rotation": [[0.015503746093322047, 0.21080531866762847, -0.9774051112402232], [0.9945021166238038, -0.10449785546810789, -0.006763004756793297], [-0.10356241542107743, -0.9719266000187491, -0.21126644382898596]], "fy": 1511.9116983663519, "fx": 1514.8086283061057}, {"id": 63, "img_name": "00063", "width": 1906, "height": 1068, "position": [1.0174595735412488, -2.253098225898218, 1.449085467699534], "rotation": [[0.5974709661075518, 0.1741028249991528, -0.7827621931249764], [0.7987931167858846, -0.21493335095020985, 0.5619014248289512], [-0.0704130757317171, -0.960984839098218, -0.26748857506325613]], "fy": 1506.3308224788814, "fx": 1515.6988349223398}, {"id": 64, "img_name": "00064", "width": 1906, "height": 1068, "position": [4.827890169517855, -3.5101327427421287, 1.7125528232895249], "rotation": [[0.11621767993828393, 0.20846708034171993, -0.9710998544349396], [0.9869341193587956, -0.13409664957727294, 0.08932599071730479], [-0.11159970840123506, -0.9687928390455559, -0.22132767585372226]], "fy": 1511.1138298857354, "fx": 1514.3785363841016}, {"id": 65, "img_name": "00065", "width": 1906, "height": 1068, "position": [4.7770457910408854, -3.4811684794956994, 1.6929165122765926], "rotation": [[0.6736555025657471, 0.1648651589892369, -0.7204219202761283], [0.7359059264400797, -0.23939686006682906, 0.6333495171076639], [-0.06804947680370922, -0.956822147915482, -0.282596259644647]], "fy": 1513.5549516859653, "fx": 1524.7547592565636}, {"id": 66, "img_name": "00066", "width": 1906, "height": 1068, "position": [5.565041577568969, -0.8303964200617764, 1.5676759894793537], "rotation": [[0.09166631372548896, 0.20449366921936446, -0.9745663785382611], [0.9888763042145254, -0.13381832291643692, 0.06493313033308416], [-0.11713642427102396, -0.9696777793169405, -0.21448557622358969]], "fy": 1503.466302072896, "fx": 1507.97012514936}, {"id": 67, "img_name": "00067", "width": 1906, "height": 1068, "position": [5.6391825217662035, -0.8438425930747832, 1.6034852336942116], "rotation": [[0.6540656845940747, 0.16531060206039258, -0.7381534292292592], [0.7529533498584451, -0.2358346586406482, 0.6143641157496056], [-0.07252126014783826, -0.9576295832054685, -0.2787225290432944]], "fy": 1512.776244826427, "fx": 1532.473924857551}, {"id": 68, "img_name": "00068", "width": 1906, "height": 1068, "position": [1.900469209577266, 0.4521988430333328, 1.3440401400514972], "rotation": [[-0.018987115004136922, 0.20537895880425244, -0.9784983253661198], [0.9952443421035571, -0.0896385594932542, -0.038126475877427436], [-0.09554155627096224, -0.9745688338606231, -0.20270026909914812]], "fy": 1499.9397431453806, "fx": 1502.0214021321908}, {"id": 69, "img_name": "00069", "width": 1906, "height": 1068, "position": [1.8382887845595723, 0.4708146954912002, 1.3201458497238514], "rotation": [[0.5692220044607272, 0.17435002892049167, -0.8034851442641212], [0.8197125222794656, -0.19605937292514128, 0.538174788620237], [-0.06370000357887234, -0.9649677661474626, -0.25451821121567625]], "fy": 1500.8670507526663, "fx": 1512.9910775872847}, {"id": 70, "img_name": "00070", "width": 1906, "height": 1068, "position": [-1.561816380301348, 1.4419396132132702, 1.187671764109889], "rotation": [[-0.0012854309617944084, 0.1862312287564353, -0.9825051028382044], [0.9961289138033901, -0.08611898844409033, -0.017626880445625336], [-0.08789502120211479, -0.9787243990343935, -0.18539961160327406]], "fy": 1504.6634248547787, "fx": 1511.322018281056}, {"id": 71, "img_name": "00071", "width": 1906, "height": 1068, "position": [-1.5913743025824107, 1.4535651426724638, 1.1685857913124074], "rotation": [[0.5843800940936865, 0.15376953274248484, -0.7967777835928986], [0.808540446493331, -0.1938348370149234, 0.5555991381776635], [-0.06900907195013509, -0.9689081415488029, -0.23760210695409476]], "fy": 1505.7400158285527, "fx": 1516.5501731638838}, {"id": 72, "img_name": "00072", "width": 1902, "height": 1068, "position": [-2.3552432850083904, -1.1329857348119698, 1.285796285070588], "rotation": [[0.6604730453477534, 0.2139490269288876, -0.719722981601426], [0.746946194961651, -0.2848333481463791, 0.6007839425417716], [-0.07646396668611621, -0.9343959426602334, -0.34793316044711636]], "fy": 1502.8969113990806, "fx": 1509.3617444159995}, {"id": 73, "img_name": "00073", "width": 1902, "height": 1068, "position": [-2.316749722054204, -1.1577446234060325, 1.3040621533740102], "rotation": [[0.09661732297744184, 0.27435236419822695, -0.9567632273240417], [0.9894916472620968, -0.13036491116980287, 0.06254014657987057], [-0.10757031606914143, -0.9527516833858299, -0.2840648815081726]], "fy": 1504.9458835615897, "fx": 1509.0345847049277}, {"id": 74, "img_name": "00074", "width": 1902, "height": 1068, "position": [1.01770597220253, -2.252311300402979, 1.4523544597323141], "rotation": [[0.5957705291552042, 0.2524671187395423, -0.7624420178252783], [0.80007310879459, -0.26963799901275487, 0.5358902593555489], [-0.07028867030957377, -0.9292769788624654, -0.36263452591053785]], "fy": 1506.9686774287416, "fx": 1515.814784195042}, {"id": 75, "img_name": "00076", "width": 1902, "height": 1068, "position": [4.823300379537873, -3.4954912443375186, 1.7263580977283224], "rotation": [[0.6733126268334495, 0.23150350122608548, -0.7021796319081776], [0.7367451398284369, -0.2898501354801823, 0.6108956522199979], [-0.06210237906728734, -0.9286511874122508, -0.3657188354897778]], "fy": 1510.1363827891898, "fx": 1524.6681492306648}, {"id": 76, "img_name": "00077", "width": 1902, "height": 1068, "position": [4.820329253556164, -3.499663218056284, 1.711171695699475], "rotation": [[0.11868216193769687, 0.29413959908365866, -0.9483651410130481], [0.9856820617072496, -0.1501116162431625, 0.07679437412604856], [-0.11977235768882692, -0.9439006297909597, -0.30774369760222475]], "fy": 1509.877179359228, "fx": 1513.6262295737397}, {"id": 77, "img_name": "00078", "width": 1902, "height": 1068, "position": [5.608525743220275, -0.8147263714298534, 1.5938850448431625], "rotation": [[0.6549465359420857, 0.23245624831125233, -0.7190334677040557], [0.751682023085581, -0.29809539464068924, 0.588313922888095], [-0.07758331797126188, -0.9257986975120827, -0.3699697291096947]], "fy": 1507.6002990313193, "fx": 1527.7906484634605}, {"id": 78, "img_name": "00079", "width": 1902, "height": 1068, "position": [5.572477791726891, -0.8228548531321771, 1.5794856239604587], "rotation": [[0.09367833580553396, 0.29479393558088784, -0.9509578881030623], [0.9881696035772481, -0.1440276892346504, 0.05269591350105708], [-0.12142983145294094, -0.9446441447859919, -0.3047986806973612]], "fy": 1500.7789069224082, "fx": 1507.7690745042892}, {"id": 79, "img_name": "00080", "width": 1902, "height": 1068, "position": [1.8554929887904927, 0.46693856817492985, 1.3363656047731287], "rotation": [[0.5707468483920191, 0.24839095347496223, -0.7826557156773191], [0.8186524540575193, -0.24605928859884219, 0.518905565551028], [-0.0636882604266948, -0.9368867384727091, -0.34378342711333626]], "fy": 1497.0273545634666, "fx": 1513.025809664075}, {"id": 80, "img_name": "00081", "width": 1902, "height": 1068, "position": [1.8844465573670877, 0.4490686273861669, 1.340407627789004], "rotation": [[-0.016514318487897167, 0.2928743948705737, -0.9560082981408035], [0.9955986446709736, -0.08340204584163735, -0.042748537738145805], [-0.09225300002818634, -0.9525065288902876, -0.2902080226444037]], "fy": 1497.3202031051578, "fx": 1499.7764915692624}, {"id": 81, "img_name": "00082", "width": 1902, "height": 1068, "position": [-1.5971803151726511, 1.45644033930513, 1.1685604498912434], "rotation": [[0.5860634512330015, 0.22688173153768618, -0.7778523709697905], [0.8074486282674548, -0.24350716716232013, 0.537336926192112], [-0.0675006950917436, -0.9429893633732265, -0.3259059936961704]], "fy": 1503.00453059986, "fx": 1514.2065045257175}, {"id": 82, "img_name": "00083", "width": 1902, "height": 1068, "position": [-1.5632558411851005, 1.4410991039019758, 1.1851595774090633], "rotation": [[0.0008450797326559311, 0.274486370758963, -0.9615906187707005], [0.9961605416735886, -0.0844099256748033, -0.023219381132081152], [-0.087541196318237, -0.9578790094344626, -0.2735038248946889]], "fy": 1503.7932231892141, "fx": 1510.09389243912}]