[{"id": 0, "img_name": "00244", "width": 1888, "height": 1414, "position": [-28.662219224690336, -12.024041418693141, -19.436326456951463], "rotation": [[0.5724414603276139, 0.07766510170069202, 0.8162590927369875], [-0.8171306329961937, -0.0283838103807358, 0.5757533221159127], [0.06788448362644195, -0.9965753816375814, 0.047214463850389854]], "fy": 1568.2980055646176, "fx": 1568.2980055646178}, {"id": 1, "img_name": "00246", "width": 1888, "height": 1414, "position": [-33.68395784605582, -2.2490512238592926, -19.40346980572645], "rotation": [[0.1426396264651054, 0.08416853450650819, 0.9861894314790246], [-0.9896166074213624, 0.02993505587674836, 0.14058044937148606], [-0.017689185332518963, -0.9960017822417199, 0.08756450475842999]], "fy": 1568.2980055646176, "fx": 1568.2980055646178}, {"id": 2, "img_name": "00256", "width": 1888, "height": 1414, "position": [-17.164184039892326, -31.372500435776406, -18.560147738869237], "rotation": [[0.71723988984239, 0.01453993172566439, 0.6966746233388219], [-0.6943316676884554, 0.09943539448325882, 0.7127525079359082], [-0.058910743195487315, -0.9949377833359088, 0.081414566428764]], "fy": 1568.2980055646176, "fx": 1568.2980055646178}, {"id": 3, "img_name": "00262", "width": 1888, "height": 1414, "position": [-3.7770385928920236, -36.34116346728381, -18.35264629416631], "rotation": [[0.899120708816599, -0.07914859324457083, -0.43048513466151445], [0.4334680014698915, 0.024566309107687992, 0.9008340513982159], [-0.06072431703061687, -0.996560081803516, 0.05639645979078961]], "fy": 1568.2980055646176, "fx": 1568.2980055646178}, {"id": 4, "img_name": "00266", "width": 1888, "height": 1414, "position": [1.063083816769099, -35.275864367817675, -18.38241963447568], "rotation": [[0.9869123056472442, -0.06099411935767306, 0.1492776552797577], [-0.14845185430305954, 0.017879010130432277, 0.9887580027239927], [-0.06297736034499561, -0.9979779849277929, 0.00859032499028665]], "fy": 1568.2980055646176, "fx": 1568.2980055646178}, {"id": 5, "img_name": "00274", "width": 1886, "height": 1416, "position": [27.622338959145072, -40.37920457931201, -17.97538346336838], "rotation": [[0.8649854914694254, -0.03163642749677307, -0.5007985982434836], [0.5004880039885609, -0.017644279535906488, 0.8655636529240383], [-0.03621957220817156, -0.9993436925577207, 0.0005716066451987933]], "fy": 1569.5640861182453, "fx": 1569.564086118245}, {"id": 6, "img_name": "00292", "width": 1886, "height": 1416, "position": [43.701162418849954, -18.25245783072748, -17.95308766677263], "rotation": [[0.7790122688663287, -0.048562522839849784, -0.6251252405167815], [0.6180074567091219, -0.10885950079782017, 0.7785989934092982], [-0.10586155301929714, -0.9928702284092713, -0.054790885472531636]], "fy": 1569.5640861182453, "fx": 1569.564086118245}, {"id": 7, "img_name": "00305", "width": 1886, "height": 1416, "position": [53.82508959587891, 6.475650349260834, -17.952441010542508], "rotation": [[0.7734665574111995, 0.06889392301523198, -0.6300818295571131], [0.6320266968501967, -0.00875060510874749, 0.7748972069757768], [0.0478721112454559, -0.9975856125074185, -0.05031109900509655]], "fy": 1569.5640861182453, "fx": 1569.564086118245}, {"id": 8, "img_name": "00311", "width": 1886, "height": 1416, "position": [69.48686282425635, 21.68631493473576, -17.959236007159205], "rotation": [[0.02529995282986267, 0.021210378029124455, -0.9994548675406348], [0.9995047620210084, -0.0192505879196945, 0.024892680893650498], [-0.018712110627445, -0.999589683184359, -0.021686912810690885]], "fy": 1569.5640861182453, "fx": 1569.564086118245}, {"id": 9, "img_name": "00339", "width": 1886, "height": 1416, "position": [-7.0688181397498075, 54.82514365700947, -18.663232510931064], "rotation": [[-0.9701424190427403, 0.002207145501405357, -0.24252590641544838], [0.24245154254109486, 0.035204607874924944, -0.9695245665292944], [0.006398147649349447, -0.999377688410697, -0.03468860927665875]], "fy": 1569.5640861182453, "fx": 1569.564086118245}, {"id": 10, "img_name": "00343", "width": 1886, "height": 1416, "position": [-9.735407523953668, 54.3524550183847, -18.562813733271394], "rotation": [[-0.7898183681424088, -0.04383705967857768, 0.611772226848848], [-0.6127440511288013, 0.10038449653183837, -0.7838798891809343], [-0.02704945750152161, -0.9939825275399895, -0.10614641677460027]], "fy": 1569.5640861182453, "fx": 1569.564086118245}, {"id": 11, "img_name": "00360", "width": 1886, "height": 1416, "position": [-55.547369207771496, 41.954576215781174, -18.86795015532263], "rotation": [[-0.6993662147255405, -0.056666867291571776, 0.7125136937995146], [-0.7147361881284536, 0.0641625156917467, -0.6964447953425411], [-0.006251326265414151, -0.9963292817796062, -0.08537495644776391]], "fy": 1569.5640861182453, "fx": 1569.564086118245}, {"id": 12, "img_name": "00383", "width": 4608, "height": 3456, "position": [-5.401997869912963, -38.12801231778386, 107.24005375463555], "rotation": [[0.9936094028882466, 0.09861420153227123, -0.05491442204206954], [0.1112957540573499, -0.9370101729592766, 0.33109695090657704], [-0.01880451065217659, -0.3350927856981987, -0.9419974603745771]], "fy": 3006.421347892584, "fx": 3006.421347892585}, {"id": 13, "img_name": "00392", "width": 4608, "height": 3456, "position": [23.262569703508383, -20.15773549333975, 77.01195388158985], "rotation": [[0.9996317788750159, 0.010427625400671575, -0.02505137304968751], [0.018325490954850747, -0.9403023476382396, 0.33984654096706435], [-0.020012072467263962, -0.34018048100165615, -0.9401471998049277]], "fy": 3036.2221295555473, "fx": 3036.2221295555464}, {"id": 14, "img_name": "00396", "width": 4608, "height": 3456, "position": [-14.41331548208852, 65.15334288365538, 76.69783632648391], "rotation": [[-0.9998813293350424, 0.003999817329609785, 0.014877120303264432], [-0.0011593716437476552, 0.9434304565690474, -0.3315684385995], [-0.015361741586803342, -0.3315463392638327, -0.9433138617746332]], "fy": 3036.2221295555473, "fx": 3036.2221295555464}, {"id": 15, "img_name": "00496", "width": 1416, "height": 1894, "position": [-23.12731569348371, 1.4461910009480605, -19.633474060977452], "rotation": [[0.22755387520556475, -0.006393928927227551, 0.9737445001394377], [-0.973764682232171, -0.002783963039927506, 0.2275403111254592], [0.001255992121305657, -0.9999756833156822, -0.006859683748201226]], "fy": 1417.208028784085, "fx": 1417.2080287840852}, {"id": 16, "img_name": "00521", "width": 2964, "height": 3954, "position": [-20.379009590244912, -11.712594229394758, -19.250178089829614], "rotation": [[0.7693660178619158, -0.1013586285464198, 0.6307157513321568], [-0.6269632912328065, 0.06943973652751073, 0.7759479070385567], [-0.12244575127714895, -0.992423574594124, -0.010123565774755332]], "fy": 2990.113396476647, "fx": 2990.1133964766464}, {"id": 17, "img_name": "00231", "width": 1888, "height": 1414, "position": [-44.600956553133344, -19.387024809363552, -18.06110125645078], "rotation": [[0.14981150634242849, -0.19627386523707008, 0.9690371935030734], [-0.9878636076271733, -0.07036895183715264, 0.13846914220564188], [0.04101225784126473, -0.9780208486746287, -0.20443388727048317]], "fy": 1082.046392581876, "fx": 1133.2873930554774}, {"id": 18, "img_name": "00232", "width": 1888, "height": 1414, "position": [-36.85815293701215, -18.378676576145327, -17.57111635225537], "rotation": [[0.4794385245483998, -0.013725524774765992, 0.8774681254316369], [-0.8710374016722975, -0.12926697459545491, 0.47390283198870076], [0.10692308481720007, -0.9915148305742055, -0.07393101300928134]], "fy": 1060.6914547721758, "fx": 1034.831598861356}, {"id": 19, "img_name": "00233", "width": 1888, "height": 1414, "position": [-33.65369676977121, -15.153140042193563, -17.45071751057893], "rotation": [[0.6651809396385489, 0.0009272311495594079, 0.7466816308065791], [-0.7446285205931283, -0.07329275691972088, 0.6634429426125471], [0.05534152022547328, -0.9973100380651453, -0.04806250215741527]], "fy": 1010.1890967999478, "fx": 1012.6215705941277}, {"id": 20, "img_name": "00234", "width": 1888, "height": 1414, "position": [-31.921649328469663, -13.818635411802587, -17.46606094116286], "rotation": [[0.6604164900964243, -0.14369212112806912, 0.7370228177841143], [-0.7437126705151677, -0.2606399588619805, 0.6155958703237235], [0.10364132054309687, -0.9546828720418844, -0.27899657794665084]], "fy": 1105.6939715413826, "fx": 1131.6105833569786}, {"id": 21, "img_name": "00236", "width": 1888, "height": 1414, "position": [-27.12770308547182, -2.1228682386355877, -14.87009773142074], "rotation": [[-0.033184097610189194, -0.26207207531604476, 0.9644776010905273], [-0.9930505219879476, 0.11766838122811993, -0.002193818273822384], [-0.11291357954321563, -0.9578477850883693, -0.2641555302393696]], "fy": 1562.571445291088, "fx": 1568.701906885009}, {"id": 22, "img_name": "00238", "width": 1888, "height": 1414, "position": [-23.402659421800706, -0.3868446392095536, -15.039146398369986], "rotation": [[0.11104799085305693, -0.14968391712585316, 0.9824780245284674], [-0.9863304977724732, 0.10450010809849394, 0.12740438207262858], [-0.12173944673524952, -0.9831960396387199, -0.1360332854390113]], "fy": 1442.3749551442327, "fx": 1407.0131420106788}, {"id": 23, "img_name": "00239", "width": 1888, "height": 1414, "position": [-24.704127481762317, -1.675746199213546, -14.977789465090535], "rotation": [[0.08075898762224004, -0.11925965847389088, 0.9895732008188791], [-0.9921230085880356, 0.08576517913462868, 0.09130317561963314], [-0.09575970837703822, -0.989151893244256, -0.11139394212814566]], "fy": 1561.4836146092837, "fx": 1570.0936308529683}, {"id": 24, "img_name": "00248", "width": 1888, "height": 1414, "position": [-20.2294117395353, 6.334737578095956, -14.315117002641795], "rotation": [[0.13764323910289494, -0.055228480591795075, 0.9889409252633774], [-0.9869388288875713, 0.07672782045036164, 0.1416495308956794], [-0.08370237011753176, -0.9955212988683159, -0.04394606622041294]], "fy": 1559.7130089350896, "fx": 1568.4878450031165}, {"id": 25, "img_name": "00249", "width": 1888, "height": 1414, "position": [-22.54931799655631, -1.8615393560229376, -15.189575954442576], "rotation": [[0.043518692049867726, -0.08133086444676185, 0.9957366187554875], [-0.9919324811265144, 0.11526315232079633, 0.05276702192913645], [-0.11906332906678636, -0.9899998465683795, -0.0756586245322949]], "fy": 1563.451129839217, "fx": 1571.9744845685516}, {"id": 26, "img_name": "00250", "width": 1888, "height": 1414, "position": [-22.608076901839983, -2.0712217974383793, -15.20419357447924], "rotation": [[0.08136217150355807, -0.0837370290200216, 0.993160765948356], [-0.9898749572079801, 0.10949424750401571, 0.09032485181846822], [-0.11630892545597907, -0.9904539967784617, -0.07398049827384223]], "fy": 1563.324867258424, "fx": 1572.1591311914494}, {"id": 27, "img_name": "00251", "width": 1888, "height": 1414, "position": [-22.711776553980084, -2.4596943783525766, -15.249386170047037], "rotation": [[0.008829701738271079, -0.12088316213269186, 0.9926274716528927], [-0.9924803463846525, 0.12013516305054782, 0.02345857282568914], [-0.12208520961776251, -0.9853703890982415, -0.11891340496751113]], "fy": 1564.710215136998, "fx": 1573.4206962267608}, {"id": 28, "img_name": "00252", "width": 1888, "height": 1414, "position": [-23.423430721653176, -6.242338382255016, -15.457970935862411], "rotation": [[0.07846607905974225, 4.162269992519536e-05, 0.9969167832394744], [-0.970102748274518, 0.23037350537763415, 0.07634596132244438], [-0.22966003619963435, -0.973102279458625, 0.018116883981819404]], "fy": 1561.898529800913, "fx": 1568.7480267163087}, {"id": 29, "img_name": "00253", "width": 1888, "height": 1414, "position": [-23.507614687015305, -8.058149918124874, -15.615455556168572], "rotation": [[0.39631941067602194, -0.05952731584090057, 0.9161808901031434], [-0.9172385030172527, 0.017864886220544118, 0.3979376514266976], [-0.04005562762059255, -0.9980668036304507, -0.04752054489182252]], "fy": 1561.1107582950526, "fx": 1564.481567158815}, {"id": 30, "img_name": "00258", "width": 1888, "height": 1414, "position": [-18.955898981804648, -18.321508464384063, -16.649622857648104], "rotation": [[0.2988470685093762, -0.11026536279508128, 0.9479092674992797], [-0.9480958058305914, 0.07878419873481098, 0.3080704351218326], [-0.10864977040837973, -0.9907747472545829, -0.08099770115764676]], "fy": 1576.7583595353858, "fx": 1574.064124918573}, {"id": 31, "img_name": "00260", "width": 1888, "height": 1414, "position": [-18.06505132807125, -19.722304746130607, -16.872079865565603], "rotation": [[0.4246187225679491, -0.1374454632797965, 0.8948785867750804], [-0.896479399621369, 0.07436568086147387, 0.43680021928167484], [-0.12658446389376893, -0.9877137693349282, -0.09163996599145807]], "fy": 1571.8776929116323, "fx": 1571.5824267023054}, {"id": 32, "img_name": "00267", "width": 1888, "height": 1414, "position": [-6.087567362055064, -25.950787897994122, -18.532246943618688], "rotation": [[0.4034417738461184, -0.07020756650961152, 0.9123078607140769], [-0.9010286052802754, 0.14312070162268037, 0.40946784639787415], [-0.1593178821808112, -0.9872119136091448, -0.005518155995522151]], "fy": 1571.6775379334179, "fx": 1574.0253357711122}, {"id": 33, "img_name": "00270", "width": 1886, "height": 1416, "position": [7.828345677116167, -36.40523755598532, -20.730883283088303], "rotation": [[0.9750520243768184, -0.1388949857106364, -0.17315233958312679], [0.1668008847177994, -0.05622409107020685, 0.9843862638419373], [-0.14646164895981378, -0.9887097827612362, -0.03165360731735153]], "fy": 1584.055586382589, "fx": 1575.7979854735102}, {"id": 34, "img_name": "00271", "width": 1886, "height": 1416, "position": [8.195814855744915, -37.75490039072394, -20.8819415130181], "rotation": [[0.6746066711601296, -0.2673378707382126, 0.6880670767413649], [-0.6956002904239208, 0.08176484396531976, 0.7137609867830291], [-0.24707503959001179, -0.9601275817101002, -0.1308011913214414]], "fy": 1568.092779478897, "fx": 1570.1529396059693}, {"id": 35, "img_name": "00272", "width": 1886, "height": 1416, "position": [8.5464447340092, -37.82708686092645, -20.89822342238697], "rotation": [[0.9833504455153169, -0.1687648215046714, 0.06738201783357425], [-0.06829018923071928, 0.0004237876625014689, 0.997665410074364], [-0.16839938052041728, -0.9856562562204497, -0.011108249809317858]], "fy": 1575.2603502730437, "fx": 1568.2308134287005}, {"id": 36, "img_name": "00276", "width": 1886, "height": 1416, "position": [10.964795126850651, -37.529366039806625, -21.098945067367207], "rotation": [[0.9868847367526032, -0.0744618787909255, -0.14322690030741705], [0.15096726583119857, 0.11155102792683362, 0.9822246447813856], [-0.057161184489104906, -0.9909650835298852, 0.12132931307977562]], "fy": 1570.3149282573015, "fx": 1569.1657716013663}, {"id": 37, "img_name": "00277", "width": 1886, "height": 1416, "position": [10.102959771855419, -36.9392294185246, -20.968422785488787], "rotation": [[0.9303997054752359, -0.14924364056349534, 0.3347875801205127], [-0.3141237772122217, 0.14605053972874688, 0.9380807494213215], [-0.18889849295725203, -0.9779547922047809, 0.08900440304941701]], "fy": 1568.8459103374219, "fx": 1568.6383949464505}, {"id": 38, "img_name": "00278", "width": 1886, "height": 1416, "position": [10.950054504011721, -36.806610485655305, -20.998376963151518], "rotation": [[0.9675724845727758, -0.19576327471088045, 0.1596252717214223], [-0.14043919128245042, 0.10834071277072628, 0.984143853056179], [-0.20995313917538094, -0.9746481571473898, 0.07733465665275685]], "fy": 1569.4883898636301, "fx": 1568.551996492741}, {"id": 39, "img_name": "00281", "width": 1886, "height": 1416, "position": [13.219716470497312, -36.19006851367085, -21.091288611684373], "rotation": [[0.9760849757321375, -0.16875451125900998, 0.13704026809564135], [-0.10975290865533292, 0.16160624679393096, 0.9807332563132918], [-0.1876497247311776, -0.972319564714663, 0.13922013102063047]], "fy": 1571.3452813114943, "fx": 1570.4486556522022}, {"id": 40, "img_name": "00283", "width": 1886, "height": 1416, "position": [18.632747654226563, -34.651047428146235, -21.345676622767545], "rotation": [[0.9870482986022201, -0.07557670174411413, -0.1415055418700764], [0.15242945157583868, 0.1668631776775992, 0.974126245528588], [-0.05000918434399624, -0.9830792654149588, 0.17622213082480032]], "fy": 1572.2384005088893, "fx": 1569.1531006506325}, {"id": 41, "img_name": "00284", "width": 1886, "height": 1416, "position": [19.057436570376687, -34.15643371560319, -21.33025948425006], "rotation": [[0.9412214214495245, -0.10972773758858907, -0.31947153145190593], [0.32815384543785053, 0.07273199762637292, 0.9418201050336673], [-0.080107986673538, -0.9912970695633911, 0.10446449323164908]], "fy": 1576.0726218244477, "fx": 1571.683771199549}, {"id": 42, "img_name": "00286", "width": 1886, "height": 1416, "position": [23.411909820722556, -30.71011881996856, -21.39245137451115], "rotation": [[0.5625920525539327, -0.06966213255401511, -0.8237944948172328], [0.822408639168561, 0.14895973151012776, 0.5490492041787755], [0.08446426832731804, -0.986386428169233, 0.14109430073349297]], "fy": 1582.470318166601, "fx": 1582.380632701831}, {"id": 43, "img_name": "00287", "width": 1886, "height": 1416, "position": [23.551610279851833, -30.555535350258165, -21.374728001061467], "rotation": [[0.6808668419797828, -0.07552612687996103, -0.7285026751158773], [0.7309099708582275, 0.1336363719364097, 0.6692622315622616], [0.04680767023151742, -0.988148331099226, 0.1461913737308461]], "fy": 1572.758946815461, "fx": 1575.6161090379537}, {"id": 44, "img_name": "00290", "width": 1886, "height": 1416, "position": [26.810621008505823, -28.23116622786774, -21.318517617339793], "rotation": [[0.7457717285992702, -0.25873114002218567, -0.6139077504030033], [0.6523871415206288, 0.09694124193478779, 0.7516604374254932], [-0.1349649821272139, -0.9610726261812687, 0.2410889064317141]], "fy": 1564.4316189181072, "fx": 1566.2687772356203}, {"id": 45, "img_name": "00293", "width": 1886, "height": 1416, "position": [29.94744392026541, -26.116066828622227, -21.330079745484294], "rotation": [[0.8101166368983431, -0.19867234079334273, -0.551579854258848], [0.5780521215629885, 0.11371825967902799, 0.8080370673255657], [-0.09780991451303003, -0.9734461764367185, 0.2069680221765835]], "fy": 1562.9205441402, "fx": 1559.736998878854}, {"id": 46, "img_name": "00295", "width": 1886, "height": 1416, "position": [33.316780279985736, -24.812058202827757, -21.51411432497195], "rotation": [[0.6964463688299453, -0.13556332619035497, -0.7046879025042156], [0.7172687900498255, 0.1012755837060198, 0.6893973737732574], [-0.02208932239891299, -0.985578936837234, 0.16776835547487645]], "fy": 1556.2161093109855, "fx": 1558.0160061731888}, {"id": 47, "img_name": "00296", "width": 1886, "height": 1416, "position": [34.92820961694348, -23.436065925597852, -21.450290981930667], "rotation": [[0.6556306321755776, -0.19373591281266103, -0.729804679513428], [0.7547985612963979, 0.14168685254948254, 0.6404716759385296], [-0.020678636752464487, -0.9707683719102442, 0.23912582897042603]], "fy": 1561.6887747137318, "fx": 1562.522012323713}, {"id": 48, "img_name": "00297", "width": 1886, "height": 1416, "position": [36.718201416494175, -21.663771052119035, -21.469564766779477], "rotation": [[0.9479140132818851, -0.10919603302012905, -0.2992244137708299], [0.2951255160804101, -0.05232635709365677, 0.9540245710208821], [-0.11983302208532336, -0.9926420194239076, -0.017374351554070116]], "fy": 1569.072270184356, "fx": 1560.1995513855236}, {"id": 49, "img_name": "00299", "width": 1886, "height": 1416, "position": [37.27508648456631, -20.751895257701815, -21.387830190699333], "rotation": [[0.9496085120580424, -0.09675074245984717, -0.2981324666325002], [0.2876688630037711, -0.10866760202580257, 0.9515450475558574], [-0.12446003007001125, -0.9893587044663981, -0.07535950379044298]], "fy": 1568.0077632647588, "fx": 1561.7570794835658}, {"id": 50, "img_name": "00300", "width": 1886, "height": 1416, "position": [40.50149434274363, -18.341694201510446, -21.366716525653498], "rotation": [[0.8968287186218522, -0.13931759163229857, -0.419867667386836], [0.441718070650249, 0.23019481403634182, 0.8671190769737427], [-0.024153581848418294, -0.9631204266614584, 0.2679844178890662]], "fy": 1568.3414092080957, "fx": 1569.4646824245192}, {"id": 51, "img_name": "00301", "width": 1886, "height": 1416, "position": [43.234006551392916, -15.101031455760126, -21.187107789322848], "rotation": [[0.9803875131264654, -0.014006891343995095, -0.19658110565510123], [0.1958338475468037, -0.042732468216631764, 0.9797055885903325], [-0.022123025577886497, -0.9989883598696192, -0.039151354820594765]], "fy": 1584.6420631607355, "fx": 1584.096524995413}, {"id": 52, "img_name": "00302", "width": 1886, "height": 1416, "position": [44.304831763026435, -12.7662790611261, -21.007076710104904], "rotation": [[0.7276624850998243, -0.06938439838167224, -0.682417110746471], [0.6856565307030191, 0.10193877045345949, 0.7207521134084427], [0.01955580943473401, -0.9923680226305414, 0.12175088491547842]], "fy": 1575.560321064065, "fx": 1569.466261700103}, {"id": 53, "img_name": "00306", "width": 1886, "height": 1416, "position": [52.65743351094188, -12.481845798912929, -21.657426312153405], "rotation": [[0.5086210371355239, -0.018045066912048532, -0.860801380193668], [0.8507633266443502, 0.1641734490212084, 0.49924827558392126], [0.13231176296997427, -0.986266421509229, 0.09885415106689742]], "fy": 1577.9267210905846, "fx": 1570.7148384197674}, {"id": 54, "img_name": "00307", "width": 1886, "height": 1416, "position": [53.07402697850768, -12.331550950376355, -21.676235567319456], "rotation": [[0.53959287872824, 0.023253546733223964, -0.8416048941101142], [0.8329193880386371, 0.13108062195155215, 0.5376459463049419], [0.12282026809575437, -0.9910989572757707, 0.051361840229561403]], "fy": 1578.5131891068909, "fx": 1574.024762393416}, {"id": 55, "img_name": "00308", "width": 1886, "height": 1416, "position": [53.72783845137775, -12.138054269302353, -21.72294608193261], "rotation": [[0.6575061294147385, 0.09176285982656687, -0.7478404023175661], [0.7484541231517678, 0.034554859157898445, 0.6622857293085035], [0.08661475231834143, -0.9951811590183103, -0.04596025909201046]], "fy": 1584.5923374645156, "fx": 1572.984484226077}, {"id": 56, "img_name": "00309", "width": 1886, "height": 1416, "position": [53.9417958620755, -12.047691946099704, -21.75026934357452], "rotation": [[0.633613708737433, 0.09604692550575367, -0.76766441639618], [0.7643894538241816, 0.07534440427372417, 0.6403373982729782], [0.11934165652597897, -0.9925211377323555, -0.02567800950434797]], "fy": 1583.4611389752388, "fx": 1574.8729549363038}, {"id": 57, "img_name": "00310", "width": 1886, "height": 1416, "position": [56.262600039394805, -11.802156799389605, -21.883459628863726], "rotation": [[0.4900451457257454, -0.022833061911018332, -0.8713979609996805], [0.8667017899900146, 0.11962853818524102, 0.48426957377040203], [0.09318670709246932, -0.9925561264409333, 0.07841284005717679]], "fy": 1580.2034229366839, "fx": 1572.8698905233418}, {"id": 58, "img_name": "00312", "width": 1886, "height": 1416, "position": [62.27188087572925, -5.327961042368757, -21.724119958849357], "rotation": [[0.1498415865417759, -0.006645332277840219, -0.9886876850156273], [0.9886448472986752, 0.012488283174976808, 0.1497511558991122], [0.01135186559214696, -0.9998999361647436, 0.008441137679196017]], "fy": 1586.7102743009561, "fx": 1578.823656591975}, {"id": 59, "img_name": "00313", "width": 1886, "height": 1416, "position": [62.44614594019371, -4.940083270611887, -21.693594320623994], "rotation": [[0.2507997411537814, 0.012597436133413218, -0.9679570209673882], [0.966606746363389, 0.05111364945917242, 0.25111509855790753], [0.052639222277490905, -0.9986133883750153, 0.0006425233003465044]], "fy": 1594.7255597404924, "fx": 1581.5039972300433}, {"id": 60, "img_name": "00315", "width": 1886, "height": 1416, "position": [62.3986103946825, 94.3831031502406, -12.368601523841756], "rotation": [[-0.9307982683131527, 0.008595843475791592, -0.3654322032609821], [0.3640814339400993, 0.1108161762458224, -0.9247510392221119], [0.032546784255239325, -0.9938037464998785, -0.10627709196928747]], "fy": 3170.011789836198, "fx": 2860.1824362834554}, {"id": 61, "img_name": "00316", "width": 1886, "height": 1416, "position": [51.141627649341025, 85.38781032505435, -13.563482192409802], "rotation": [[-0.9825596574925958, -0.015788788447668182, -0.1852761010691545], [0.18246369504073712, 0.1101067705780213, -0.97702789062798], [0.03582623982660833, -0.9937943515799602, -0.1053055901063783]], "fy": 2510.874932338792, "fx": 2087.7268881407754}, {"id": 62, "img_name": "00317", "width": 1886, "height": 1416, "position": [23.190658634316176, 72.60046119629376, -20.300387598739338], "rotation": [[-0.9843585057604739, 0.12278266891569642, -0.12634377052686593], [0.1369381832500153, 0.08203624669736378, -0.9871767765684091], [-0.11084343059104629, -0.9890371431052261, -0.09756671283311819]], "fy": 1534.0864476807428, "fx": 1576.2887495932232}, {"id": 63, "img_name": "00318", "width": 1886, "height": 1416, "position": [-54.25215841641917, 2.3689145811333154, -3.3060451473644696], "rotation": [[0.7924517324574979, -0.28242995712707397, 0.5406048196624862], [-0.608535307794465, -0.30609867373692023, 0.7321122735646455], [-0.04129201972059355, -0.9091407598681832, -0.4144370251964663]], "fy": 1530.466887945519, "fx": 1569.081844407995}, {"id": 64, "img_name": "00319", "width": 1886, "height": 1416, "position": [21.38855041548502, 72.06562183263146, -20.36266041214811], "rotation": [[-0.9809961709887431, 0.0781845868574804, -0.17757725891382817], [0.1807118685657803, 0.03497455250858949, -0.9829140355271603], [-0.0706380426178968, -0.9963252235363453, -0.04843878487702943]], "fy": 1534.0103741138664, "fx": 1574.0648873308867}, {"id": 65, "img_name": "00320", "width": 1886, "height": 1416, "position": [20.66014616824332, 71.88176697764709, -20.402294380303573], "rotation": [[-0.9988810721223935, 0.041651591574193965, -0.022399747207357303], [0.021696669457017096, -0.017256141994966032, -0.9996156661927235], [-0.042022116677886634, -0.9989831682680073, 0.016333132801884212]], "fy": 1525.7820754526365, "fx": 1572.1787219906676}, {"id": 66, "img_name": "00321", "width": 1886, "height": 1416, "position": [20.19025069610447, 71.68540513580078, -20.366129546357882], "rotation": [[-0.9883765568694339, 0.08471762743708597, -0.1262327431071385], [0.12842726663782478, 0.020952445910812915, -0.9914975704429595], [-0.08135243705543672, -0.9961846809762661, -0.03158895967510841]], "fy": 1533.156515043066, "fx": 1575.409257106061}, {"id": 67, "img_name": "00322", "width": 1886, "height": 1416, "position": [-28.974588621613513, 2.254532354409751, -10.364764088360022], "rotation": [[0.9788352295781368, -0.15659709913018866, 0.131753337265991], [-0.18566960339673358, -0.4087636654967563, 0.8935541752709544], [-0.08607201468082275, -0.8991048961682201, -0.4291875976482992]], "fy": 1539.4455411861954, "fx": 1574.6503254041063}, {"id": 68, "img_name": "00323", "width": 1886, "height": 1416, "position": [-28.148553858431082, 2.432900579515692, -10.59183019345901], "rotation": [[0.8837367949727213, -0.1894554430859153, 0.4279204508976661], [-0.4625794046119167, -0.4922028138422743, 0.7373985926719898], [0.07091947292688397, -0.8496134563028447, -0.522615923244696]], "fy": 1538.4655903469309, "fx": 1571.3353428236942}, {"id": 69, "img_name": "00324", "width": 1886, "height": 1416, "position": [-27.293933861449084, 2.4145090500052953, -10.74483702923131], "rotation": [[0.5003762603700438, -0.3648893448050543, 0.7851619986383881], [-0.8560234847383522, -0.34444822402056835, 0.3854597443903637], [0.12979750242010912, -0.8649920155798055, -0.4847075627104319]], "fy": 1534.7345560604047, "fx": 1569.3712568627564}, {"id": 70, "img_name": "00325", "width": 1886, "height": 1416, "position": [-24.462170791022164, 1.8809198350935246, -11.60920703926629], "rotation": [[0.5133453930658795, -0.433613220994162, 0.7405782078869898], [-0.8581789991459672, -0.2570590268154066, 0.44435285771281086], [-0.0023049604906847437, -0.8636551576363007, -0.5040778271709163]], "fy": 1532.6909007536547, "fx": 1567.4350898306468}, {"id": 71, "img_name": "00326", "width": 1886, "height": 1416, "position": [-24.072365668074333, 1.9461089778685887, -11.791865374115192], "rotation": [[0.7744741379461926, -0.4001061929147665, 0.49000494287685853], [-0.62475677175098, -0.36211969659641735, 0.6917718565309027], [-0.09934176263684666, -0.8418933184959776, -0.5304213932978515]], "fy": 1530.0812694157034, "fx": 1567.933142342812}, {"id": 72, "img_name": "00327", "width": 1886, "height": 1416, "position": [-23.27696568445964, 1.9704963152155222, -11.978350785278067], "rotation": [[0.8306149080186614, -0.4125268423396404, 0.37403272440581514], [-0.5281384848990218, -0.3707257602713916, 0.7639582131502771], [-0.17648970322859212, -0.832096157316259, -0.5258016447614056]], "fy": 1535.7564433378693, "fx": 1567.628311693486}, {"id": 73, "img_name": "00328", "width": 1886, "height": 1416, "position": [-21.816211953029313, 1.8263923581605919, -12.433749121400863], "rotation": [[0.9306508876835738, -0.2997087143080244, 0.20991334360065642], [-0.31287468137404406, -0.3543307656610495, 0.8812259314506947], [-0.18973233516948754, -0.8857902658495886, -0.4235295100902036]], "fy": 1536.719417460391, "fx": 1570.7596476832184}, {"id": 74, "img_name": "00329", "width": 1886, "height": 1416, "position": [-16.545601741301756, 2.381491523735661, -14.180053459179417], "rotation": [[0.9132648582102375, -0.2510732436355406, 0.32079514505142204], [-0.3794615580945451, -0.23787618739602936, 0.8941050527753375], [-0.1481763297112417, -0.938284149818304, -0.3125166067796203]], "fy": 1532.0124094498199, "fx": 1568.0949937372027}, {"id": 75, "img_name": "00330", "width": 1886, "height": 1416, "position": [-12.013525802589378, 2.945167856958773, -15.567323116991071], "rotation": [[0.9187266637938285, -0.25316850202809704, 0.30306274402359534], [-0.3727756175509207, -0.3027675659778838, 0.8771374692437653], [-0.13030600981455764, -0.9188239823669587, -0.3725356804838045]], "fy": 1535.4236638249502, "fx": 1573.477043998321}, {"id": 76, "img_name": "00331", "width": 1886, "height": 1416, "position": [-5.2027087232973175, 1.3158316173167377, -17.01966083506903], "rotation": [[0.7595917386995509, -0.2786786032286175, 0.5876722101664665], [-0.6492478003113678, -0.3786505917153733, 0.6596218789461487], [0.038699926230464934, -0.8825882196676681, -0.46855133146071853]], "fy": 1537.1584264778062, "fx": 1569.948219112248}, {"id": 77, "img_name": "00332", "width": 1886, "height": 1416, "position": [3.932308594497819, -1.1988295374356246, -18.637172379569737], "rotation": [[0.8763821361209481, -0.2617774307767882, -0.4042609654962838], [0.3092708108373556, -0.337564938061599, 0.8890452621523119], [-0.36919631234898376, -0.9041695025421798, -0.21487576322270258]], "fy": 1539.2688550315893, "fx": 1574.211016606283}, {"id": 78, "img_name": "00333", "width": 1886, "height": 1416, "position": [2.6583748053841654, 33.84734253547912, -24.063917716231604], "rotation": [[0.6572408797962148, 0.683766361919294, 0.31701417670563325], [-0.5865061856952234, 0.19985034764906137, 0.7849014796047904], [0.4733338357501368, -0.7018001145997356, 0.5323830191524332]], "fy": 1575.2120814957264, "fx": 1585.9322345375695}, {"id": 79, "img_name": "00334", "width": 1886, "height": 1416, "position": [2.7603025201200375, 33.75600599764825, -24.00307440842114], "rotation": [[0.6429368209878814, 0.6235162950511637, 0.44481420168837577], [-0.6898568105200827, 0.21910509138237358, 0.6899931448278164], [0.3327609129646321, -0.7504801054898069, 0.5710076935269373]], "fy": 1572.3894729016588, "fx": 1582.568389924721}, {"id": 80, "img_name": "00335", "width": 1886, "height": 1416, "position": [2.5085202229927868, 31.677526327543028, -25.508791397292246], "rotation": [[0.6373509415202373, 0.628939469041836, 0.4452178361483743], [-0.746546646015768, 0.3608290114150013, 0.5589906348445206], [0.19092376139672776, -0.688649089742117, 0.6995073613132881]], "fy": 1562.4211849765297, "fx": 1569.9480317201403}, {"id": 81, "img_name": "00336", "width": 1886, "height": 1416, "position": [3.6162834387263034, 31.53696526315027, -24.44767838952774], "rotation": [[0.40560998474773713, 0.6474865489222082, 0.645167969785969], [-0.9140101436962162, 0.2935855575981073, 0.279987459701734], [-0.00812388413028074, -0.7032557780314478, 0.710890507161279]], "fy": 1565.931067896274, "fx": 1570.3608418919616}, {"id": 82, "img_name": "00337", "width": 1886, "height": 1416, "position": [-4.732739703447416, 61.50568027850445, -20.97521537155541], "rotation": [[-0.9847207968515138, 0.08551775593625659, -0.15169596457304477], [0.15705379736644468, 0.05982161538807991, -0.985776586790912], [-0.07522670390824877, -0.9945391333436744, -0.07233847708594077]], "fy": 1549.5907908666609, "fx": 1580.0934730983313}, {"id": 83, "img_name": "00341", "width": 1886, "height": 1416, "position": [-12.817441858873895, 58.796782342153655, -21.099833305214283], "rotation": [[-0.9878084889391043, 0.0075248133967652925, -0.15549201382446148], [0.15563779915067585, 0.02620209232552707, -0.987466620110927], [-0.0033562859497585974, -0.9996283447067256, -0.02705379462321364]], "fy": 1534.6453036979165, "fx": 1553.9522728090135}, {"id": 84, "img_name": "00342", "width": 1886, "height": 1416, "position": [-13.232177633493869, 58.53921937554101, -21.0691027858628], "rotation": [[-0.9998978514950293, -0.013336137411703579, 0.005141402003363033], [-0.0057618386456147795, 0.04690964708689774, -0.9988825187306085], [0.013080053174430343, -0.9988101083034345, -0.04698169600850095]], "fy": 1533.2642067629818, "fx": 1556.8518955776458}, {"id": 85, "img_name": "00344", "width": 1886, "height": 1416, "position": [-17.306922539460786, 56.60349175598697, -21.130236740533395], "rotation": [[-0.5332119011615971, 0.0700871061711919, 0.8430734641822044], [-0.8459273317720495, -0.03287217762991495, -0.53228410581088], [-0.00959259196753989, -0.9969991060609912, 0.07681643504438947]], "fy": 1531.6035647137485, "fx": 1549.6882103756327}, {"id": 86, "img_name": "00345", "width": 1886, "height": 1416, "position": [-18.875077492600365, 56.05622067781088, -21.149212112259384], "rotation": [[-0.4860893927780658, 0.13588838561536512, 0.8632794732202898], [-0.8727441490879807, -0.02449486556435321, -0.4875629721314781], [-0.045108230527778966, -0.9904212983452214, 0.13050248780317844]], "fy": 1529.6132209366401, "fx": 1554.7560583254444}, {"id": 87, "img_name": "00346", "width": 1886, "height": 1416, "position": [-19.14393420927233, 55.979239236567615, -21.138263320870998], "rotation": [[-0.4030917534358272, 0.13031183002022417, 0.9058343475872452], [-0.9138321163070722, -0.0040209129914614145, -0.4060722786210017], [-0.049273740651259515, -0.9914649056903101, 0.12070393227537003]], "fy": 1530.259643856433, "fx": 1555.5805880293774}, {"id": 88, "img_name": "00347", "width": 1886, "height": 1416, "position": [-19.92974972718546, 55.637074546297484, -21.156660595914463], "rotation": [[-0.5750118234919469, 0.09061136333188084, 0.8131119133794581], [-0.8174246770730651, -0.0219295124449991, -0.5756179234491569], [-0.03432637697836246, -0.9956448550156137, 0.08667769335000132]], "fy": 1536.7107838294498, "fx": 1560.9805547663282}, {"id": 89, "img_name": "00350", "width": 1886, "height": 1416, "position": [-23.75032554032705, 55.85376150871859, -21.34946676273201], "rotation": [[-0.6698679418992006, 0.05774327902963101, 0.7402314868624779], [-0.7419659181492448, -0.014957245002136067, -0.6702707342014075], [-0.027631806323089862, -0.9982194120276624, 0.05286292396823135]], "fy": 1551.5903246912874, "fx": 1584.1599574206377}, {"id": 90, "img_name": "00352", "width": 1886, "height": 1416, "position": [-32.32287153672505, 67.82718061676562, -21.412904465039187], "rotation": [[-0.9252723437506238, 0.07798651028179042, 0.3711996687825779], [-0.37233436025803235, -9.882598351346495e-06, -0.9280986607433372], [-0.07237550733134142, -0.9969544142619572, 0.029046201509465883]], "fy": 2470.069146091892, "fx": 2632.573038306556}, {"id": 91, "img_name": "00353", "width": 1886, "height": 1416, "position": [-42.63446384592087, 53.00950314196746, -22.014392043967845], "rotation": [[-0.4660359957068224, 0.07579048470716464, 0.8815136148315595], [-0.8805125533890549, 0.057845209564482795, -0.4704801537309807], [-0.08664925868024866, -0.9954444907468691, 0.039776523375846314]], "fy": 1629.7755519830955, "fx": 1668.8062420719045}, {"id": 92, "img_name": "00354", "width": 1886, "height": 1416, "position": [-44.89948274092027, 52.38219476528125, -22.118365456618157], "rotation": [[-0.6875678600979778, -0.005028198066054117, 0.7261027165522077], [-0.7229014689459357, 0.09878950292384897, -0.6838523965797495], [-0.06829278114190006, -0.9950956493404375, -0.07155937889359514]], "fy": 1703.6933537981959, "fx": 1729.0562411683359}, {"id": 93, "img_name": "00355", "width": 1886, "height": 1416, "position": [-44.772415150487, 52.00701982829181, -22.0463551929158], "rotation": [[-0.7797893925838194, 0.0002751037137312823, 0.6260418736248436], [-0.6219076220817606, 0.11439479623613344, -0.7746900929989381], [-0.0718290526901761, -0.9934353300099812, -0.08903275957529193]], "fy": 1682.205025088424, "fx": 1705.8198139555786}, {"id": 94, "img_name": "00356", "width": 1886, "height": 1416, "position": [-49.19480124112292, 50.07641953357245, -22.15308844653467], "rotation": [[-0.5923560855530144, 0.08731442410840767, 0.80093099531166], [-0.8056758026412907, -0.06311401968105769, -0.588984822858799], [-0.0008768960152392584, -0.9941794666267835, 0.10773309236749094]], "fy": 1687.283103265803, "fx": 1707.034054549689}, {"id": 95, "img_name": "00357", "width": 1886, "height": 1416, "position": [-51.434670870094656, 47.69788974299221, -22.20948864762271], "rotation": [[-0.4477683626496509, -0.055101159422211436, 0.8924501978488086], [-0.8917913570149758, 0.09996259649352555, -0.44126596838602944], [-0.06489737254649208, -0.9934643131650981, -0.09389882589234577]], "fy": 1721.6196048024635, "fx": 1735.5843702523487}, {"id": 96, "img_name": "00358", "width": 1886, "height": 1416, "position": [-53.43331795315026, 41.55499871396511, -21.73114989233293], "rotation": [[-0.3697254685904081, -0.07963840912845663, 0.9257217733569256], [-0.9290797195235557, 0.020241090766642784, -0.36932529430653255], [0.010674860450296506, -0.9966182930470747, -0.08147407758484627]], "fy": 1703.1973662085256, "fx": 1696.6475303350667}, {"id": 97, "img_name": "00359", "width": 1886, "height": 1416, "position": [-57.65744377901302, 30.794269383370967, -21.36630682504113], "rotation": [[-0.5839949221837655, -0.0347811768294765, 0.8110118375226926], [-0.8115204857016604, 0.0008834774886206281, -0.5843233015669222], [0.019606941375926543, -0.9993945613249471, -0.028741583881150258]], "fy": 1672.355138580397, "fx": 1644.2796059483192}, {"id": 98, "img_name": "00361", "width": 1886, "height": 1416, "position": [-69.93163894341711, 26.02293085711518, -22.134305981802463], "rotation": [[-0.313719873627987, -0.11257769347564245, 0.9428181711351048], [-0.9468933049077148, -0.03665146313663696, -0.3194522489682751], [0.07051886280836493, -0.9929667331696707, -0.09510077185053217]], "fy": 1721.3944350857523, "fx": 1679.054926561685}, {"id": 99, "img_name": "00362", "width": 1886, "height": 1416, "position": [-70.53102864100404, 24.736509770435937, -22.047502580547814], "rotation": [[-0.24988393250482574, -0.06315462595143193, 0.966214010194873], [-0.967941093100391, 0.042527860624226664, -0.24755084600612123], [-0.02545703367526549, -0.9970972240918438, -0.07175698673157399]], "fy": 1710.7875686321709, "fx": 1663.665457119176}, {"id": 100, "img_name": "00363", "width": 1886, "height": 1416, "position": [-55.5113