[{"id": 0, "img_name": "00105", "width": 1888, "height": 1414, "position": [-14.716392335516456, 3.3939837485546787, -0.4140412338688319], "rotation": [[0.26775966964573, -0.14219851633436745, 0.9529345944310731], [-0.963398245786636, -0.05284270745502718, 0.2628145130772922], [0.012983810166566146, -0.9884266438239745, -0.15114294708133583]], "fy": 1568.2980055646176, "fx": 1568.2980055646178}, {"id": 1, "img_name": "00114", "width": 1888, "height": 1414, "position": [5.638699520656516, -1.7400283973511488, -0.14725012501429804], "rotation": [[0.5724414603276139, 0.07766510170069202, 0.8162590927369875], [-0.8171306329961937, -0.0283838103807358, 0.5757533221159127], [0.06788448362644195, -0.9965753816375814, 0.047214463850389854]], "fy": 1568.2980055646176, "fx": 1568.2980055646178}, {"id": 2, "img_name": "00123", "width": 1888, "height": 1414, "position": [0.6169184879719652, 8.034939971717806, -0.11438230773531409], "rotation": [[0.1426396264651054, 0.08416853450650819, 0.9861894314790246], [-0.9896166074213624, 0.02993505587674836, 0.14058044937148606], [-0.017689185332518963, -0.9960017822417199, 0.08756450475842999]], "fy": 1568.2980055646176, "fx": 1568.2980055646178}, {"id": 3, "img_name": "00136", "width": 1888, "height": 1414, "position": [30.523991917212868, -26.05704027353552, 0.9363357044890513], "rotation": [[0.899120708816599, -0.07914859324457083, -0.43048513466151445], [0.4334680014698915, 0.024566309107687992, 0.9008340513982159], [-0.06072431703061687, -0.996560081803516, 0.05639645979078961]], "fy": 1568.2980055646176, "fx": 1568.2980055646178}, {"id": 4, "img_name": "00140", "width": 1886, "height": 1416, "position": [-22.063057545066048, 16.368246795810634, -0.2608732094203324], "rotation": [[0.03367589838202771, -0.07131704476409424, 0.996885055056138], [-0.9978910786805691, 0.05298233294802678, 0.037500233134134205], [-0.055491701702987235, -0.9960455569508359, -0.06938241506755188]], "fy": 1569.5640861182453, "fx": 1569.564086118245}, {"id": 5, "img_name": "00089", "width": 1888, "height": 1414, "position": [-29.17307206947738, -10.918672700541261, -0.8135933347003941], "rotation": [[0.3414799446563255, -0.04229085813384623, 0.938937128201785], [-0.9397817833808838, -0.0304564632307517, 0.3404153396557193], [0.014200247285100493, -0.9986410201697988, -0.050144449456198247]], "fy": 1569.1749961882556, "fx": 1570.1854486398422}, {"id": 6, "img_name": "00090", "width": 1888, "height": 1414, "position": [-29.102219232445172, -10.650476770736054, -0.8436701459555929], "rotation": [[0.4002443518933149, -0.04781708562466125, 0.9151600871431533], [-0.9142973173670879, -0.08858261075325678, 0.3952385817800226], [0.062168112669173575, -0.9949204226441936, -0.07917372274089512]], "fy": 1567.0549291228856, "fx": 1571.2295948068397}, {"id": 7, "img_name": "00091", "width": 1888, "height": 1414, "position": [-29.057488077595412, -10.399297135225613, -0.864138466651562], "rotation": [[0.5268645787785454, -0.018314780842623248, 0.8497518958091194], [-0.8486625694347194, -0.06632620557687258, 0.524759638019383], [0.04674996116539378, -0.9976298929244554, -0.05048799733177249]], "fy": 1574.8475064525155, "fx": 1573.2051407176127}, {"id": 8, "img_name": "00092", "width": 1888, "height": 1414, "position": [-29.859604543620275, -1.596473167663455, -0.44700216063777787], "rotation": [[0.27238520170188424, -0.055554616052553595, 0.9605831492010867], [-0.9616012735364607, -0.05058460288419977, 0.2697483803178521], [0.0336049494402346, -0.9971734465910638, -0.06719988680658705]], "fy": 1567.4572279324848, "fx": 1569.093992506332}, {"id": 9, "img_name": "00093", "width": 1888, "height": 1414, "position": [-29.6093416487845, -1.5478353565553222, -0.4472445404439316], "rotation": [[0.3091677242632583, -0.03832103405462635, 0.9502351375437882], [-0.950730819794477, -0.03655615360578432, 0.3078547643394069], [0.022939628741535024, -0.9985965882089397, -0.04773497094024537]], "fy": 1567.3658979217732, "fx": 1568.2562159056345}, {"id": 10, "img_name": "00094", "width": 1888, "height": 1414, "position": [-29.36772668091325, -1.489865278278842, -0.41059248229966055], "rotation": [[0.28544421387885943, -0.05169630208456298, 0.957000048648829], [-0.958312586322046, -0.002274959798300884, 0.2857128128990135], [-0.012593159247409365, -0.99866026100406, -0.05019059106517511]], "fy": 1560.6421935471426, "fx": 1567.3976188525369}, {"id": 11, "img_name": "00095", "width": 1888, "height": 1414, "position": [-28.87777862267027, -1.387136258869875, -0.4140772003123562], "rotation": [[0.23480617558783604, -0.05887378106933716, 0.970257665678769], [-0.9715484757478304, 0.017595885893332535, 0.23618624869305066], [-0.030977720669557424, -0.998110345954909, -0.053067109586732525]], "fy": 1567.3410038677457, "fx": 1570.4316432117794}, {"id": 12, "img_name": "00096", "width": 1888, "height": 1414, "position": [-28.635202671731133, -1.2970666660886685, -0.3694435305105405], "rotation": [[0.32475641955456336, -0.07749227149031396, 0.9426177463942486], [-0.944963778441079, 0.015257567947114414, 0.3268190080988232], [-0.03970800161755539, -0.9968761981708717, -0.06827239652985377]], "fy": 1565.030631775669, "fx": 1569.185693875226}, {"id": 13, "img_name": "00097", "width": 1888, "height": 1414, "position": [-28.398013368148227, -1.1802238066445057, -0.3844377503380082], "rotation": [[0.3554540597469948, -0.08937820298775949, 0.9304106342040909], [-0.9333512527263331, 0.01939111123862795, 0.3584402653708366], [-0.050078442902754754, -0.9958089784871443, -0.07652860851227777]], "fy": 1562.910907613041, "fx": 1567.3413522925575}, {"id": 14, "img_name": "00098", "width": 1888, "height": 1414, "position": [-28.18083763498506, -1.035030724748287, -0.3883810345357039], "rotation": [[0.3690616291900173, -0.06821003385350448, 0.9268985409101225], [-0.9292765609168376, -0.010507386167663994, 0.3692352477303577], [-0.015446267840007926, -0.9976156504975388, -0.06726385873697249]], "fy": 1561.7650599221379, "fx": 1565.855850306125}, {"id": 15, "img_name": "00099", "width": 1888, "height": 1414, "position": [-27.96855241358627, -0.8831658160598166, -0.3611212724721751], "rotation": [[0.35589969136807187, -0.1091856766892502, 0.9281238590242263], [-0.9345208615639518, -0.03894204027000702, 0.3537715036593233], [-0.0024837443267411697, -0.9932582773405515, -0.1158957527634198]], "fy": 1569.1233777945176, "fx": 1572.2773580847963}, {"id": 16, "img_name": "00100", "width": 1888, "height": 1414, "position": [-27.533330889049402, -0.6056052755739534, -0.37879450609857435], "rotation": [[0.41547606842598356, -0.0505934803787738, 0.9081959790201949], [-0.9094353691532863, -0.003873917506561541, 0.4158272503049536], [-0.01751987152674801, -0.9987118165448504, -0.047621020520052425]], "fy": 1566.5074153733217, "fx": 1571.7185190605512}, {"id": 17, "img_name": "00101", "width": 1888, "height": 1414, "position": [-27.099466847407385, -0.3214435443340946, -0.37088732234592425], "rotation": [[0.47089729013097775, -0.004930757286257482, 0.8821742627054396], [-0.8821152055401491, 0.010217998861282098, 0.4709228776075032], [-0.01133606202180517, -0.9999356379946935, 0.00046213199730354293]], "fy": 1563.5316998679405, "fx": 1566.94215252923}, {"id": 18, "img_name": "00102", "width": 1888, "height": 1414, "position": [-26.88546892331863, -0.19150415661957493, -0.35110085643863104], "rotation": [[0.4555132374588344, -0.026570774009434396, 0.889832391222252], [-0.8896438515572178, 0.022648823296620442, 0.4560930258069259], [-0.03227240130839687, -0.999390326535042, -0.013321686904132936]], "fy": 1566.218106352095, "fx": 1568.95753155614}, {"id": 19, "img_name": "00103", "width": 1888, "height": 1414, "position": [-26.6568935307212, -0.07603258335214567, -0.33970011194574257], "rotation": [[0.4611586138049529, -0.04992188177774338, 0.8859122635076588], [-0.8871893708148604, -0.008960696253953645, 0.4613184650930165], [-0.015091495175318942, -0.9987129275434523, -0.04842246514749046]], "fy": 1568.8274651164716, "fx": 1571.0967159553848}, {"id": 20, "img_name": "00104", "width": 1888, "height": 1414, "position": [-26.4261337391707, 0.03899829934100076, -0.37228577360801496], "rotation": [[0.483904749038052, 0.031265035281613576, 0.8745619997617431], [-0.8749094178145603, 0.03924152830988615, 0.4826941195781144], [-0.019227700793563715, -0.9987405068508752, 0.04634323572485339]], "fy": 1569.799179862321, "fx": 1572.45887494082}, {"id": 21, "img_name": "00106", "width": 1888, "height": 1414, "position": [-1.7856916378381702, -6.984879831706335, -0.36602970753781505], "rotation": [[0.6106373538284391, -0.13349267171825646, 0.7805778172014135], [-0.7905028390231043, -0.04401001660944292, 0.6108750935620545], [-0.047194105625741715, -0.9900721312286084, -0.1324004960663969]], "fy": 1565.2324629811842, "fx": 1568.8568456037485}, {"id": 22, "img_name": "00107", "width": 1888, "height": 1414, "position": [-0.4293225981816599, -8.372840698713171, -0.4518622269699742], "rotation": [[0.7734705489436878, -0.11773860168296002, 0.6228008763565537], [-0.6335631143030784, -0.1722472590237972, 0.7542735988707103], [0.018468625052623866, -0.977992077387404, -0.2078230171471278]], "fy": 1566.767168315521, "fx": 1567.0813387722849}, {"id": 23, "img_name": "00109", "width": 1888, "height": 1414, "position": [4.327896971124945, -7.673992542070994, -0.19924701669839553], "rotation": [[0.7162238122705816, -0.04147846833799356, 0.6966369121722797], [-0.697642212504111, -0.06809482825479624, 0.7132029428552004], [0.0178548052065399, -0.9968162473742507, -0.07770826791116009]], "fy": 1566.094833144698, "fx": 1568.7769222502989}, {"id": 24, "img_name": "00112", "width": 1888, "height": 1414, "position": [5.414933735157854, -4.046939399362915, -0.16937245254938826], "rotation": [[0.630622871404265, -0.026449501179896848, 0.7756385871971395], [-0.7750839931620891, -0.07232008309144274, 0.6277058300872768], [0.03949174098150477, -0.9970307063821964, -0.06610728345098048]], "fy": 1565.9627739579996, "fx": 1569.153874059039}, {"id": 25, "img_name": "00118", "width": 1888, "height": 1414, "position": [5.8445951805676755, -0.5571046356011837, -0.1448242742676142], "rotation": [[0.6157951337600285, 0.030764039780602756, 0.7873054852430826], [-0.7853684705070139, -0.05616968961543405, 0.6164749236603054], [0.06318796381386231, -0.9979471628422437, -0.01042791466088662]], "fy": 1566.8918432440119, "fx": 1569.9472354249658}, {"id": 26, "img_name": "00120", "width": 1888, "height": 1414, "position": [-1.7433753545132349, 10.187711722203685, -0.12881666192329355], "rotation": [[0.32072490408752696, -0.05801122831557641, 0.9453942210989892], [-0.9388815278638154, 0.11230320748285808, 0.3254066167507498], [-0.1250480409049016, -0.9919791766858718, -0.018447235225523582]], "fy": 1568.0725538389033, "fx": 1573.1954214436623}, {"id": 27, "img_name": "00121", "width": 1888, "height": 1414, "position": [-1.525243008384601, 10.04326230414191, -0.11873436609543812], "rotation": [[0.23389340535318548, -0.1243668029982894, 0.9642752580276418], [-0.9653204328824904, 0.08859953023584911, 0.24557399109341388], [-0.11597558705111953, -0.9882727465401298, -0.09933097026696486]], "fy": 1566.824377068433, "fx": 1576.7120525163227}, {"id": 28, "img_name": "00131", "width": 1888, "height": 1414, "position": [5.49980923543336, 4.371065672433157, -0.08742725946886964], "rotation": [[0.5351398892257984, 0.04787770631843841, 0.8434056107218431], [-0.8436679403788743, -0.02053950919349086, 0.5364723058452862], [0.043008200802499424, -0.9986420048244393, 0.029401375205184727]], "fy": 1570.7707261299606, "fx": 1574.4419543654744}, {"id": 29, "img_name": "00132", "width": 1888, "height": 1414, "position": [5.641678731787808, 4.23766981921314, -0.09377431523226105], "rotation": [[0.369396693876238, 0.046799592056911976, 0.9280926035351275], [-0.9286092568043606, -0.01911691799019641, 0.37056631204658735], [0.03508462242290367, -0.9987213533462986, 0.036396808096034676]], "fy": 1565.753469676347, "fx": 1569.3151465493584}, {"id": 30, "img_name": "00133", "width": 1888, "height": 1414, "position": [6.648836787388566, -4.2384271359041055, -0.20613508829491572], "rotation": [[0.7012928190779361, -0.04951274421765678, 0.7111517911597761], [-0.7128507160799944, -0.04076130488883948, 0.7001302540299182], [-0.005677895205118286, -0.99794138314021, -0.06388080558543165]], "fy": 1559.6351363574474, "fx": 1570.6573305745783}, {"id": 31, "img_name": "00134", "width": 1888, "height": 1414, "position": [24.731776216313758, -23.58550152274311, 0.8543788565053996], "rotation": [[0.9446782549622886, 0.022327521862427112, -0.3272376450973939], [0.3221018754653478, 0.12517593179266112, 0.9383929709463644], [0.06191426671705532, -0.9918832934712236, 0.11105924414278825]], "fy": 1555.7613197178496, "fx": 1563.6342628400525}, {"id": 32, "img_name": "00135", "width": 1888, "height": 1414, "position": [25.082918006146194, -23.54130018674093, 0.9002855676366015], "rotation": [[0.9984499031466303, 0.05267586244738347, 0.0179734365636868], [-0.021732530178959632, 0.07168174366046584, 0.9971907664824299], [0.05123951637657353, -0.9960356324656359, 0.07271540978551419]], "fy": 1561.3831366361264, "fx": 1571.5366505306522}, {"id": 33, "img_name": "00138", "width": 1888, "height": 1414, "position": [36.54187940249287, -25.05890480687127, 0.9161062532684083], "rotation": [[0.9399906348776782, -0.03345195984968204, -0.33955643525704965], [0.3395666032501198, -0.005550841269711448, 0.9405656330731919], [-0.033348587667776174, -0.9994249119085502, 0.006141429568994653]], "fy": 1579.7077433226145, "fx": 1612.924996251974}, {"id": 34, "img_name": "00139", "width": 1886, "height": 1416, "position": [-22.359658225204527, 16.524338524797216, -0.24336633537748953], "rotation": [[0.10166299375402653, -0.11247544508856966, 0.9884401397925406], [-0.9905018561921594, 0.08101931238113405, 0.1110943018393616], [-0.09257812150208994, -0.9903459725133519, -0.1031704712877089]], "fy": 1575.2119781044396, "fx": 1573.7472804338747}, {"id": 35, "img_name": "00141", "width": 1886, "height": 1416, "position": [-20.898664241677054, 15.057195812331406, -0.3641373905687087], "rotation": [[0.15954176612728876, -0.10207136062657275, 0.981900128424895], [-0.9830336987174394, 0.07476155742936505, 0.16749763197324813], [-0.09050509403837696, -0.9919637830438043, -0.0884119962591537]], "fy": 1574.5940938940307, "fx": 1570.115695727088}, {"id": 36, "img_name": "00149", "width": 1886, "height": 1416, "position": [-19.008946795897014, 12.25401680773489, -0.33585045679903375], "rotation": [[0.2057024681304704, -0.10913749624762137, 0.9725098979022442], [-0.9776503719552702, 0.021185318256673913, 0.20916723573754445], [-0.04343092010025621, -0.9938008800575517, -0.10234044154722659]], "fy": 1571.724137681232, "fx": 1576.388580779228}, {"id": 37, "img_name": "00150", "width": 1886, "height": 1416, "position": [-18.878113199153685, 12.057169325542857, -0.3145772400679234], "rotation": [[0.1479936333049019, -0.14549017944047773, 0.978228241356582], [-0.9872087263147736, 0.03757846123342803, 0.15494124673336518], [-0.059302741835231244, -0.9886457742476344, -0.13806780172479932]], "fy": 1583.2504104949605, "fx": 1578.908039795498}, {"id": 38, "img_name": "00151", "width": 1886, "height": 1416, "position": [-17.485529758983372, 9.557920235844348, -0.3108594462619032], "rotation": [[0.3291686575808575, -0.04530389280622141, 0.9431837319223749], [-0.9442697836691217, -0.01748865958311963, 0.3287076549693599], [0.001603282846610488, -0.9988201560253916, -0.04853581565736382]], "fy": 1571.788216977626, "fx": 1574.2840425386785}]